0 257.txt 0 0
1 258.txt 0 0
2 259.txt 0 0
3 696.txt 1 1
4 697.txt 1 1
5 698.txt 1 1
6 640.txt 2 2
7 641.txt 2 2
8 642.txt 2 2
9 718.txt 3 3
10 719.txt 3 3
11 720.txt 3 3
12 721.txt 3 3
13 722.txt 3 3
14 367.txt 4 4
15 368.txt 4 4
16 369.txt 4 4
17 343.txt 5 5
18 344.txt 5 5
19 345.txt 5 5
20 346.txt 5 5
21 347.txt 5 5
22 348.txt 5 5
23 349.txt 5 5
24 350.txt 5 5
25 139.txt 6 6
26 140.txt 6 6
27 141.txt 6 6
28 142.txt 6 6
29 143.txt 6 6
30 244.txt 7 7
31 245.txt 7 7
32 246.txt 7 7
33 247.txt 7 7
34 248.txt 7 7
35 689.txt 8 8
36 690.txt 8 8
37 691.txt 8 8
38 692.txt 8 8
39 289.txt 9 9
40 290.txt 9 19
41 291.txt 9 19
42 292.txt 9 9
43 293.txt 9 18
44 294.txt 9 11
45 295.txt 9 19
46 296.txt 9 19
47 297.txt 9 9
48 658.txt 10 10
49 659.txt 10 10
50 660.txt 10 10
51 661.txt 10 10
52 662.txt 10 11
53 194.txt 11 11
54 195.txt 11 11
55 196.txt 11 11
56 197.txt 11 11
57 198.txt 11 11
58 199.txt 11 5
59 200.txt 11 11
60 201.txt 11 11
61 202.txt 11 11
62 203.txt 11 11
63 204.txt 11 11
64 205.txt 11 11
65 206.txt 11 11
66 207.txt 11 11
67 208.txt 11 11
68 628.txt 12 12
69 629.txt 12 12
70 630.txt 12 12
71 631.txt 12 12
72 702.txt 13 13
73 703.txt 13 13
74 669.txt 14 14
75 670.txt 14 10
76 671.txt 14 14
77 398.txt 15 15
78 399.txt 15 15
79 400.txt 15 15
80 401.txt 15 15
81 387.txt 16 16
82 388.txt 16 16
83 389.txt 16 16
84 390.txt 16 21
85 391.txt 16 16
86 392.txt 16 16
87 358.txt 17 17
88 359.txt 17 17
89 221.txt 18 18
90 222.txt 18 11
91 223.txt 18 18
92 224.txt 18 18
93 225.txt 18 18
94 314.txt 19 19
95 315.txt 19 19
96 316.txt 19 19
97 317.txt 19 19
98 318.txt 19 19
99 676.txt 20 20
100 677.txt 20 20
101 614.txt 21 21
102 615.txt 21 21
103 616.txt 21 3
104 617.txt 21 21
105 618.txt 21 21
