0.08889713476293952
0.09437967686637715
0.12730662920932753
0.12485257690353486
0.20174737304629314
0.16543260305701937
0.18299742362995852
0.14927499641729336
0.056697505897554394
0.22311511778189985
0.10305742327174888
0.18424508614352228
0.0877540316852035
0.08148588656483183
0.11900046213586685
0.18425529447586486
0.106690069501122
0.15470862790220624
0.19242197938324324
0.13539193460002827
0.15199444144778157
0.1997715298001482
0.10703672253816189
0.14573437404864154
0.23740599643407734
0.13550037829751016
0.18059630729475948
0.18424508614352228
0.21442072989954902
0.21864957787896094
0.13050693601832827
0.22112027300046214
0.14656606853893225
0.19413150022762865
0.13050693601832827
0.12283005742901486
0.13163104752780527
0.21468397037273002
0.14214817002999847
0.15353757178626856
0.19407939138217842
0.20392194196761068
0.09071600943608703
0.20727572191146257
0.08642883444148555
0.10932478893948047
0.2089488305178772
0.19640592175400054
0.16923991825003534
0.13504076152849853
0.14866211463633597
0.14603153578601208
0.11371853602399876
0.17087368943449946
0.10205551061559791
0.1345535863870529
0.11899161813435814
0.09071600943608703
0.17244805297814972
0.1681919829838161
0.11967069384205693
0.14603153578601208
0.12829181086887992
0.16824730019727818
0.24761950096067012
0.14152261733295504
0.16923991825003534
0.12079293347496894
0.17914232404272432
0.08461995912501767
0.12111698508163365
0.11906476238486423
0.11819930798415167
0.06311869632330808
0.0639666765134993
0.1367691454654291
0.12158554652913717
0.13570932272123357
0.14838864625038542
0.12853518968220928
0.19015819139049922
0.23798323626871629
0.10703672253816189
0.11900046213586685
0.13464709287000742
0.2836854867825394
0.15713531926248464
0.15291255324262829
0.10932478893948047
0.14075757725703372
0.18981746688923692
0.14271563005088253
0.11282661216669022
0.16620929700285683
0.09228233945043882
0.09410389970392895
0.09638576002584247
0.17057780403599815
0.22417489997707005
0.09228233945043882
0.17110290319692772
0.15506534644795417
0.12222882984724774
0.14115584955589341
0.18424508614352228
0.10932478893948047
0.1146255555425185
0.21023997872977013
0.27565080018473864
0.16211406203884957
0.13163104752780527
0.16453880940975657
0.18992443910360068
0.206278170536275
0.24946902594923934
0.09710568665124318
0.17864213593059286
0.13163104752780527
0.1279333530269986
0.1556133567203478
0.14214817002999847
0.1249629228216132
0.20877722630017284
0.161214450375582
0.161214450375582
0.14741351533364142
0.18575569608618178
0.1145336170109221
0.1910474294391442
0.08626190806193487
0.1381838146076417
0.1358555739675249
0.19967935378323387
0.15798885796536863
0.06581552376390264
0.32317578361606003
0.18456467890087763
0.17864213593059286
0.2485417369310994
0.18570159170340286
0.1513727846854345
0.19762558000598393
0.19900743804199783
0.21938507921300876
0.14925557853149837
0.1893560889699242
0.19542142471857632
0.12410927338335924
0.08919726878180158
0.09514375336725502
0.25033977563316356
0.09307720632159983
0.08148588656483183
0.24165188905099738
0.21672576785335956
0.10932478893948047
0.13003546071201574
0.2764805014393951
0.2164001091151454
0.23568710610480065
0.11159685760038564
0.19218038035402366
0.10772526120535335
0.14741351533364142
0.12865033549208296
0.17164060437470843
0.19588782496360987
0.1919219647328357
0.0877540316852035
0.231135478323551
0.12564241870183784
0.22290683530341815
0.19097647642679352
0.15530520018210292
0.15593164004010138
0.12111698508163365
0.1468379705268232
0.1411376956300829
0.15772072296650558
0.08919726878180158
0.18804435361115038
0.11892969170906877
0.16285118726548026
0.16923991825003534
0.1919219647328357
0.14271563005088253
0.15364342327887387
0.13607401415413053
0.11399583108583619
0.12061672195376433
0.1367691454654291
0.10932478893948047
0.0728292649884324
0.08291976585083242
0.19180524068337337
0.10323538230534911
0.14574520569413188
0.13569381219798488
0.0
0.11282661216669022
