0.18067300526579136
0.08603866199437452
0.10755930125224296
0.035380224531577895
0.1988466195191534
0.2400606545648031
0.31358144769868407
0.2497340896251594
0.0858066691535
0.07431075530105756
0.14152089812631158
0.2336048502938108
0.11583309365626165
0.05732251526015126
0.10007038674472547
0.059871414539831094
0.05000568278685701
0.03510272829006817
0.05732251526015126
0.05920243919074302
0.07873853023091709
0.07020545658013634
0.07020545658013634
0.04053313925512231
0.1452673128646962
0.06755523209187052
0.04136896202009345
0.06369168362239029
0.0666027440895859
0.047768762716792715
0.11700909430022727
0.07076044906315579
0.06369168362239029
0.04422528066447237
0.07400304898842877
0.04053313925512231
0.08845056132894474
0.033095169616074754
0.03821501017343417
0.104294608012182
0.06619033923214952
0.03139683466091896
0.29474504318947325
0.043331748543732916
0.14183644121174896
0.0827379240401869
0.02866125763007563
0.05404418567349641
0.34933874297592665
0.08756158840163479
0.21197257415739124
0.24849776010764973
0.041404919403692
0.040133788242590736
0.11014738248086346
0.24809266268562669
0.07020545658013634
0.09399649655950931
0.07290867375589626
0.047768762716792715
0.07020545658013634
0.06755523209187052
0.037526395029272054
0.16053515297036294
0.07020545658013634
0.20847997238484475
0.14651856175095512
0.05404418567349641
0.05920243919074302
0.1651331293526215
0.18987020906835317
0.35896751482005884
0.13035948071220968
0.39722476470019863
0.3102209345550545
0.1966555623886946
0.12508798343090685
0.03127199585772671
0.22339239490850463
0.21511860250448592
0.170958929774283
0.07505279005854411
0.12558733864367583
0.1553770338113022
0.09478973000293332
0.03510272829006817
0.1674131022951177
0.16413250557878417
0.39997153585240436
0.07516243626756593
0.20720853716760057
0.11733143401370474
0.04680363772009089
0.05850454715011362
0.18822440594856996
0.09178948540071956
0.17729287533522034
0.04272568025432241
0.26489921757679896
0.24338867574349593
0.2698048835812905
0.12112718523279499
0.15698417330459477
0.07309747111220277
0.27486846767130685
0.2063951726609963
0.03625394188636746
0.10593505646230478
0.05711169249641417
0.045555315750255045
0.07395589826749772
0.10271950201137449
0.024080272945554444
0.29182133561307255
0.06538474727974697
0.05515861602679126
0.020702459701846
0.40062275080675475
0.16241379323709523
0.3302170313227475
0.11115863958521588
0.05515861602679126
0.027603279602461332
0.3102862481738591
0.044401829393057264
0.03139683466091896
0.027603279602461332
0.1411182774011514
0.06619033923214952
0.2839892114432118
0.15349950362917922
0.1709917096830529
0.03671579416028782
0.08459253106819076
0.2271673864896534
0.222854709676038
0.12134895525894077
0.05732251526015126
0.07020545658013634
0.03510272829006817
0.037526395029272054
0.05981595235605138
0.06755523209187052
0.033095169616074754
0.025635408152593447
0.025533477696619872
0.05095334689791223
0.02251841069729017
0.04414716706684981
0.03418054420345793
0.06619033923214951
0.019309706538680492
0.08589992716293249
0.025635408152593447
0.07325928087547756
0.04755254347617961
0.041404919403692
0.02425931089724117
0.04053313925512231
0.07020545658013634
0.02653516839868342
0.047768762716792715
0.044401829393057264
0.05314786837529756
0.045555315750255045
0.05515861602679126
0.03510272829006817
0.02482137721205607
0.04053313925512231
0.03610979045311077
0.11633285045814544
0.08351807887546758
0.05850454715011362
0.02866125763007563
0.08825378564286601
0.2929864381908848
0.15480188334574901
0.0884864123989823
0.20804237770828582
0.09360727544018178
0.14307256137762897
0.227727056720306
0.09101171644420558
0.05920243919074302
0.08756158840163479
0.17941394459368182
0.05920243919074302
0.033095169616074754
0.041404919403692
0.03139683466091896
0.10735156404438792
0.06042323647727911
0.037526395029272054
0.03450409950307667
