0.1394004616545668
0.21009372270515259
0.042232581772123766
0.048765984909417075
0.044069631063634054
0.2559680996407208
0.07963451988822424
0.062184112735685
0.16442156599509783
0.2524415918801806
0.04645346993479747
0.048021422332606305
0.1673043958243097
0.03601606674945473
0.006375864324427921
0.09981737393317401
0.07203213349890945
0.1337365089450586
0.04294843922617432
0.08208538423612471
0.038314176245210725
0.03601606674945473
0.166617115107175
0.06299407883487121
0.11783201972004556
0.2189949296926167
0.0585288568821728
0.23020467536280184
0.24693616346187344
0.20430143761338707
0.10035956898055158
0.4295166588477368
0.10334739989866969
0.16590524976713383
0.19953019391649818
0.18322226290729537
0.3137466946476896
0.12608798982302172
0.12147653047282474
0.2559680996407208
0.2833047711233618
0.16442156599509783
0.09653161547914003
0.20121706580296006
0.0527907272151547
0.24001209635694476
0.17399138920975105
0.0985426908016221
0.23927195396162443
0.22879462235758458
0.21252263256135748
0.06832706240527733
0.12071380034724223
0.25269422206022707
0.05972588991616818
0.3409352882714601
0.18148670785221035
0.25434424836572966
0.09024380113344399
0.05864965960488009
0.15606962258097049
0.2515887789174802
0.09195402298850576
0.11945177983233637
0.06502131321255611
0.17880861133452927
0.1548527998311205
0.06917046722438604
0.09604284466521261
0.2541959861579188
0.04551117362731654
0.08013068992153277
0.18287244341031403
0.10369516947304255
0.16604945253209547
0.11631366106366453
0.13033257689973354
0.09150392717293482
0.10158419028227231
0.2031916037892378
0.1370205886619011
0.11043320952074977
0.12906106240064258
0.04645346993479747
0.19019428774136143
0.12868832571237399
0.17917766974850455
0.19923371647509577
0.2182016724893061
0.14922178892817065
0.10949746484630835
0.21442250696755896
0.042018744541030516
0.25819888974716115
0.15801985155020137
0.15451366444447004
0.05972588991616818
0.18308167264306155
0.09123280382981348
0.07963451988822424
0.12039607737158199
0.16893032708849504
0.2341154275286912
0.10151449271641204
0.0629566158051915
0.10565963397040366
0.17569816047071313
0.08184360054674895
0.10702624686882556
0.1547979426056294
0.09761008915039619
0.16893032708849504
0.15606962258097049
0.13936040980439243
0.13218390804597704
0.041106176598570326
0.04223258177212376
0.05267328385006712
0.08254396536983125
0.18300785434586964
0.2758620689655173
0.06569512720108142
0.17585956475316186
0.04417328380829991
0.06896551724137932
0.15934221645835975
0.08282490714056233
0.0585288568821728
0.0585288568821728
0.24142760069448446
0.18965517241379312
0.21453518893811324
0.061684633862063167
0.1734668061202843
0.1091954022988506
0.1381702905766817
0.168992059349678
0.08627072987890959
0.06277117618056596
0.15971846778847773
0.23890355966467275
0.09591441206333076
0.1149425287356322
0.10794810925861054
0.15263282978576312
0.21664964312118118
0.16998286267401705
0.06569512720108142
0.04597701149425288
0.06951070767985788
0.16091954022988506
0.13467699612972467
0.3589079309424367
0.1504950967144775
0.07763573528135756
0.07662835249042145
0.04927134540081105
0.17674802958006836
0.10426606151978683
0.07472225363944296
0.14433756729740646
0.08958883487425227
0.0
0.06117693276865431
0.0985426908016221
0.1941091422275466
0.18622818098873162
0.11460513303438497
0.035613639965125676
0.2941312117872136
0.14433756729740646
0.11595486999678725
0.06502131321255611
0.17533626892176785
0.1510958779324596
0.1507226475280912
0.24288528565908396
0.10109529825102574
0.04828552013889689
0.140028008402801
0.1435631723769747
0.06394294137555384
0.12415845478944393
0.2172209614995559
0.054024100124182094
0.15683730858343756
0.11267885915542501
0.17214833675955388
0.19650486375430554
0.10861048074977794
0.07449127239549265
0.09149459146641938
0.15425747413233942
0.14209155319181965
0.04645346993479747
0.10534656770013426
0.059829490843841995
0.0999216422897957
0.07567898492589206
0.060198038685790996
