0.014026197349227646
0.1081928168536576
0.1635721640219061
0.08959216401473294
0.08743299939759483
0.13114949909639223
0.14165764939496572
0.14457873299156004
0.018287923898986376
0.08743299939759483
0.0
0.08178608201095305
0.13324887481766265
0.12931515002796792
0.10345212002237435
0.10345212002237435
0.12364893354703727
0.26155276908980846
0.11566298639324804
0.08743299939759483
0.166819096909144
0.021478077372861944
0.0
0.10904810934793743
0.07082882469748286
0.00871842563632695
0.0
0.146303391191891
0.0771086575954987
0.20241022618818408
0.0
0.0
0.014932027335788824
0.0
0.0
0.10067170776086197
0.0
0.09443843292997714
0.16831436819073176
0.0
0.09443843292997714
0.049318863109739416
0.0
0.033389028164708894
0.11566298639324804
0.018287923898986376
0.05008354224706334
0.07228936649578002
0.2589240313261319
0.0771086575954987
0.12931515002796792
0.0174368512726539
0.13114949909639223
0.10452419135052177
0.0
0.3855432879774935
0.16694514082354445
0.1279933250342779
0.0596875193898821
0.0641582812483307
0.2658047665355974
0.24569878505313905
0.08743299939759483
0.04630225118683431
0.09818338144459353
0.0641582812483307
0.08718425636326949
0.14457873299156004
0.09143961949493189
0.12707898458431813
0.23372319715296225
0.13910505024041692
0.17436851272653897
0.0663372722626695
0.12931515002796792
0.1090982118588961
0.16694514082354445
0.21478077372861945
0.03657584779797275
0.22441915758764233
0.12985284527871857
0.17349447958987207
0.1810412100391551
0.11804804116247143
0.021858249849398707
0.08178608201095307
0.1551781800335615
0.07013098674613823
0.10016708449412667
0.062321056813434215
0.02852231674764495
0.15036188231122247
0.1772031776903983
0.07758909001678076
0.08178608201095305
0.0950743891588165
0.09143961949493189
0.07466013667894413
0.06164857888717427
0.08415718409536588
0.2852231674764495
0.10929124924699353
0.056686201706983776
0.0
0.10452419135052177
0.11804804116247143
0.02805239469845529
0.08743299939759483
0.06815506834246089
0.07235219950763859
0.2795188837836828
0.0697474050906156
0.1226791230164296
0.0398023633576017
0.10223260251369132
0.09638582199437337
0.08718425636326949
0.10972754339391826
0.12619866434564442
0.07082882469748286
0.12619866434564442
0.0731516955959455
0.09443843292997714
0.07934415407919716
0.10929124924699353
0.13355611265883557
0.1569316614538851
0.11566298639324804
0.0641582812483307
0.011804804116247142
0.2453582460328592
0.21248647409244856
0.26155276908980846
0.11804804116247143
0.11566298639324804
0.13355611265883557
0.11566298639324804
0.0731516955959455
0.08743299939759483
0.08347257041177222
0.05610478939691058
0.09443843292997714
0.0890374084392237
0.13355611265883557
0.08415718409536588
0.0796047267152034
0.27431885848479565
0.015456116693379658
0.0
0.054524054673968717
0.08178608201095305
0.10223260251369132
0.18795235288902806
0.0
0.12931515002796792
0.07228936649578002
0.12364893354703727
0.10223260251369132
0.09443843292997714
0.14165764939496572
0.08178608201095305
0.048118710936248026
0.09443843292997714
0.08178608201095305
0.14457873299156004
0.10016708449412667
0.20446520502738263
0.22259352109805927
0.10223260251369132
0.10223260251369132
0.11566298639324804
0.09143961949493189
0.02891574659831201
0.0
0.10223260251369132
0.11804804116247143
0.0597281093431553
0.05008354224706334
0.14026197349227645
0.09143961949493189
0.08178608201095305
0.10345212002237435
0.06182446677351863
0.14165764939496572
0.2069042400447487
0.16526725762746
0.11566298639324804
0.13355611265883557
0.1226791230164296
0.08743299939759483
0.0641582812483307
0.11566298639324804
0.043716499698797415
0.11566298639324804
0.07758909001678076
0.13885226963859504
0.10345212002237435
0.11804804116247143
0.0663372722626695
0.11566298639324804
0.10345212002237435
0.10345212002237435
