0 257.txt 0 11
1 258.txt 0 11
2 259.txt 0 11
3 696.txt 1 11
4 697.txt 1 11
5 698.txt 1 11
6 640.txt 2 11
7 641.txt 2 11
8 642.txt 2 11
9 718.txt 3 11
10 719.txt 3 11
11 720.txt 3 11
12 721.txt 3 11
13 722.txt 3 11
14 367.txt 4 11
15 368.txt 4 11
16 369.txt 4 11
17 343.txt 5 11
18 344.txt 5 5
19 345.txt 5 11
20 346.txt 5 11
21 347.txt 5 11
22 348.txt 5 11
23 349.txt 5 5
24 350.txt 5 11
25 139.txt 6 11
26 140.txt 6 11
27 141.txt 6 11
28 142.txt 6 11
29 143.txt 6 11
30 244.txt 7 11
31 245.txt 7 11
32 246.txt 7 11
33 247.txt 7 11
34 248.txt 7 11
35 689.txt 8 11
36 690.txt 8 11
37 691.txt 8 11
38 692.txt 8 11
39 289.txt 9 11
40 290.txt 9 11
41 291.txt 9 11
42 292.txt 9 11
43 293.txt 9 11
44 294.txt 9 11
45 295.txt 9 11
46 296.txt 9 11
47 297.txt 9 11
48 658.txt 10 11
49 659.txt 10 11
50 660.txt 10 11
51 661.txt 10 11
52 194.txt 11 11
53 195.txt 11 11
54 196.txt 11 11
55 197.txt 11 11
56 198.txt 11 11
57 199.txt 11 11
58 200.txt 11 11
59 201.txt 11 11
60 202.txt 11 11
61 203.txt 11 11
62 204.txt 11 11
63 205.txt 11 11
64 206.txt 11 11
65 207.txt 11 11
66 208.txt 11 11
67 628.txt 12 11
68 629.txt 12 11
69 630.txt 12 11
70 631.txt 12 11
71 702.txt 13 11
72 703.txt 13 11
73 669.txt 14 11
74 670.txt 14 11
75 671.txt 14 11
76 398.txt 15 11
77 399.txt 15 11
78 400.txt 15 11
79 401.txt 15 11
80 387.txt 16 11
81 388.txt 16 11
82 389.txt 16 11
83 390.txt 16 11
84 391.txt 16 11
85 392.txt 16 11
86 358.txt 17 11
87 359.txt 17 11
88 221.txt 18 11
89 222.txt 18 11
90 223.txt 18 11
91 224.txt 18 11
92 225.txt 18 11
93 314.txt 19 11
94 315.txt 19 11
95 316.txt 19 11
96 317.txt 19 11
97 318.txt 19 11
98 676.txt 20 11
99 677.txt 20 11
100 614.txt 21 11
101 615.txt 21 11
102 616.txt 21 11
103 617.txt 21 11
104 618.txt 21 11
